0 0.101000 0.101000 0.000000 0.101000 0.101000
1 0.101000 0.101000 0.000000 0.102203 0.102203
2 0.101000 0.101000 0.000000 0.102203 0.102203
3 0.101000 0.101000 0.000000 0.102203 0.102203
4 0.101000 0.101000 0.000000 0.102203 0.102203
5 0.101000 0.101000 0.000000 0.102203 0.102203
6 0.101000 0.101000 0.000000 0.102203 0.102203
7 0.101000 0.101000 0.000000 0.102203 0.102203
8 0.101000 0.101000 0.000000 0.102203 0.102203
9 0.101000 0.101000 0.000000 0.102203 0.102203
10 0.101000 0.101000 0.000000 0.102203 0.102203
11 0.101000 0.101000 0.000000 0.102203 0.102203
12 0.101000 0.101000 0.000000 0.102203 0.102203
13 0.101000 0.101000 0.000000 0.102203 0.102203
14 0.101000 0.101000 0.000000 0.102203 0.102203
15 0.101000 0.101000 0.000000 0.102203 0.102203
16 0.101000 0.101000 0.000000 0.102203 0.102203
17 0.101000 0.101000 0.000000 0.102203 0.102203
18 0.101000 0.101000 0.000000 0.102203 0.102203
19 0.101000 0.101000 0.000000 0.102203 0.102203
20 0.101000 0.101000 0.000000 0.102203 0.102203
21 0.101000 0.101000 0.000000 0.102203 0.102203
22 0.101000 0.101000 0.000000 0.102203 0.102203
23 0.101000 0.101000 0.000000 0.102203 0.102203
24 0.101000 0.101000 0.000000 0.102203 0.102203
25 0.101000 0.101000 0.000000 0.102203 0.102203
26 0.101000 0.101000 0.000000 0.102203 0.102203
27 0.101000 0.101000 0.000000 0.102203 0.102203
28 0.101000 0.101000 0.000000 0.102203 0.102203
29 0.101000 0.101000 0.000000 0.102203 0.102203
30 0.101000 0.101000 0.000000 0.102203 0.102203
31 0.101000 0.101000 0.000000 0.102203 0.102203
32 0.101000 0.101000 0.000000 0.102203 0.102203
33 0.101000 0.101000 0.000000 0.102203 0.102203
34 0.101000 0.101000 0.000000 0.102203 0.102203
35 0.101000 0.101000 0.000000 0.102203 0.102203
36 0.101000 0.101000 0.000000 0.102203 0.102203
37 0.101000 0.101000 0.000000 0.102203 0.102203
38 0.101000 0.101000 0.000000 0.102203 0.102203
39 0.101000 0.101000 0.000000 0.102203 0.102203
40 0.101000 0.101000 0.000000 0.102203 0.102203
41 0.101000 0.101000 0.000000 0.102203 0.102203
42 0.101000 0.101000 0.000000 0.102203 0.102203
43 0.101000 0.101000 0.000000 0.102203 0.102203
44 0.101000 0.101000 0.000000 0.102203 0.102203
45 0.101000 0.101000 0.000000 0.102203 0.102203
46 0.101000 0.101000 0.000000 0.102203 0.102203
47 0.101000 0.101000 0.000000 0.102203 0.102203
48 0.101000 0.101000 0.000000 0.102203 0.102203
49 0.101000 0.101000 0.000000 0.102203 0.102203
50 0.101000 0.101000 0.000000 0.102203 0.102203
51 0.101000 0.101000 0.000000 0.102203 0.102203
52 0.101000 0.101000 0.000000 0.102203 0.102203
53 0.101000 0.101000 0.000000 0.102203 0.102203
54 0.101000 0.101000 0.000000 0.102203 0.102203
55 0.101000 0.101000 0.000000 0.102203 0.102203
56 0.101000 0.101000 0.000000 0.102203 0.102203
57 0.101000 0.101000 0.000000 0.102203 0.102203
58 0.101000 0.101000 0.000000 0.102203 0.102203
59 0.101000 0.101000 0.000000 0.102203 0.102203
60 0.101000 0.101000 0.000000 0.102203 0.102203
61 0.101000 0.101000 0.000000 0.102203 0.102203
62 0.101000 0.101000 0.000000 0.102203 0.102203
63 0.101000 0.101000 0.000000 0.102203 0.102203
64 0.101000 0.101000 0.000000 0.102203 0.102203
65 0.101000 0.101000 0.000000 0.102203 0.102203
66 0.101000 0.101000 0.000000 0.102203 0.102203
67 0.101000 0.101000 0.000000 0.102203 0.102203
68 0.101000 0.101000 0.000000 0.102203 0.102203
69 0.101000 0.101000 0.000000 0.102203 0.102203
70 0.101000 0.101000 0.000000 0.102203 0.102203
71 0.101000 0.101000 0.000000 0.102203 0.102203
72 0.101000 0.101000 0.000000 0.102203 0.102203
73 0.101000 0.101000 0.000000 0.102203 0.102203
74 0.101000 0.101000 0.000000 0.102203 0.102203
75 0.101000 0.101000 0.000000 0.102203 0.102203
76 0.101000 0.101000 0.000000 0.102203 0.102203
77 0.101000 0.101000 0.000000 0.102203 0.102203
78 0.101000 0.101000 0.000000 0.102203 0.102203
79 0.101000 0.101000 0.000000 0.102203 0.102203
80 0.101000 0.101000 0.000000 0.102203 0.102203
81 0.101000 0.101000 0.000000 0.102203 0.102203
82 0.101000 0.101000 0.000000 0.102203 0.102203
83 0.101000 0.101000 0.000000 0.102203 0.102203
84 0.101000 0.101000 0.000000 0.102203 0.102203
85 0.101000 0.101000 0.000000 0.102203 0.102203
86 0.101000 0.101000 0.000000 0.102203 0.102203
87 0.101000 0.101000 0.000000 0.102203 0.102203
88 0.101000 0.101000 0.000000 0.102203 0.102203
89 0.101000 0.101000 0.000000 0.102203 0.102203
90 0.101000 0.101000 0.000000 0.102203 0.102203
91 0.101000 0.101000 0.000000 0.102203 0.102203
92 0.101000 0.101000 0.000000 0.102203 0.102203
93 0.101000 0.101000 0.000000 0.102203 0.102203
94 0.101000 0.101000 0.000000 0.102203 0.102203
95 0.101000 0.101000 0.000000 0.102203 0.102203
96 0.101000 0.101000 0.000000 0.102203 0.102203
97 0.101000 0.101000 0.000000 0.102203 0.102203
98 0.101000 0.101000 0.000000 0.102203 0.102203
99 0.101000 0.101000 0.000000 0.102203 0.102203
100 0.101000 0.101000 0.000000 0.102203 0.102203
101 0.101000 0.101000 0.000000 0.102203 0.102203
102 0.101000 0.101000 0.000000 0.102203 0.102203
103 0.101000 0.101000 0.000000 0.102203 0.102203
104 0.101000 0.101000 0.000000 0.102203 0.102203
105 0.101000 0.101000 0.000000 0.102203 0.102203
106 0.101000 0.101000 0.000000 0.102203 0.102203
107 0.101000 0.101000 0.000000 0.102203 0.102203
108 0.101000 0.101000 0.000000 0.102203 0.102203
109 0.101000 0.101000 0.000000 0.102203 0.102203
110 0.101000 0.101000 0.000000 0.102203 0.102203
111 0.101000 0.101000 0.000000 0.102203 0.102203
112 0.101000 0.101000 0.000000 0.102203 0.102203
113 0.101000 0.101000 0.000000 0.102203 0.102203
114 0.101000 0.101000 0.000000 0.102203 0.102203
115 0.101000 0.101000 0.000000 0.102203 0.102203
116 0.101000 0.101000 0.000000 0.102203 0.102203
117 0.101000 0.101000 0.000000 0.102203 0.102203
118 0.101000 0.101000 0.000000 0.102203 0.102203
119 0.101000 0.101000 0.000000 0.102203 0.102203
120 0.101000 0.101000 0.000000 0.102203 0.102203
121 0.101000 0.101000 0.000000 0.102203 0.102203
122 0.101000 0.101000 0.000000 0.102203 0.102203
123 0.101000 0.101000 0.000000 0.102203 0.102203
124 0.101000 0.101000 0.000000 0.102203 0.102203
125 0.101000 0.101000 0.000000 0.102203 0.102203
126 0.101000 0.101000 0.000000 0.102203 0.102203
127 0.101000 0.101000 0.000000 0.102203 0.102203
128 0.101000 0.101000 0.000000 0.102203 0.102203
129 0.101000 0.101000 0.000000 0.102203 0.102203
130 0.101000 0.101000 0.000000 0.102203 0.102203
131 0.101000 0.101000 0.000000 0.102203 0.102203
132 0.101000 0.101000 0.000000 0.102203 0.102203
133 0.101000 0.101000 0.000000 0.102203 0.102203
134 0.101000 0.101000 0.000000 0.102203 0.102203
135 0.101000 0.101000 0.000000 0.102203 0.102203
136 0.101000 0.101000 0.000000 0.102203 0.102203
137 0.101000 0.101000 0.000000 0.102203 0.102203
138 0.101000 0.101000 0.000000 0.102203 0.102203
139 0.101000 0.101000 0.000000 0.102203 0.102203
140 0.101000 0.101000 0.000000 0.102203 0.102203
141 0.101000 0.101000 0.000000 0.102203 0.102203
142 0.101000 0.101000 0.000000 0.102203 0.102203
143 0.101000 0.101000 0.000000 0.102203 0.102203
144 0.101000 0.101000 0.000000 0.102203 0.102203
145 0.101000 0.101000 0.000000 0.102203 0.102203
146 0.101000 0.101000 0.000000 0.102203 0.102203
147 0.101000 0.101000 0.000000 0.102203 0.102203
148 0.101000 0.101000 0.000000 0.102203 0.102203
149 0.101000 0.101000 0.000000 0.102203 0.102203
150 0.101000 0.101000 0.000000 0.102203 0.102203
151 0.101000 0.101000 0.000000 0.102203 0.102203
152 0.101000 0.101000 0.000000 0.102203 0.102203
153 0.101000 0.101000 0.000000 0.102203 0.102203
154 0.101000 0.101000 0.000000 0.102203 0.102203
155 0.101000 0.101000 0.000000 0.102203 0.102203
156 0.101000 0.101000 0.000000 0.102203 0.102203
157 0.101000 0.101000 0.000000 0.102203 0.102203
158 0.101000 0.101000 0.000000 0.102203 0.102203
159 0.101000 0.101000 0.000000 0.102203 0.102203
160 0.101000 0.101000 0.000000 0.102203 0.102203
161 0.101000 0.101000 0.000000 0.102203 0.102203
162 0.101000 0.101000 0.000000 0.102203 0.102203
163 0.101000 0.101000 0.000000 0.102203 0.102203
164 0.101000 0.101000 0.000000 0.102203 0.102203
165 0.101000 0.101000 0.000000 0.102203 0.102203
166 0.101000 0.101000 0.000000 0.102203 0.102203
167 0.101000 0.101000 0.000000 0.102203 0.102203
168 0.101000 0.101000 0.000000 0.102203 0.102203
169 0.101000 0.101000 0.000000 0.102203 0.102203
170 0.101000 0.101000 0.000000 0.102203 0.102203
171 0.101000 0.101000 0.000000 0.102203 0.102203
172 0.101000 0.101000 0.000000 0.102203 0.102203
173 0.101000 0.101000 0.000000 0.102203 0.102203
174 0.101000 0.101000 0.000000 0.102203 0.102203
175 0.101000 0.101000 0.000000 0.102203 0.102203
176 0.101000 0.101000 0.000000 0.102203 0.102203
177 0.101000 0.101000 0.000000 0.102203 0.102203
178 0.101000 0.101000 0.000000 0.102203 0.102203
179 0.101000 0.101000 0.000000 0.102203 0.102203
180 0.101000 0.101000 0.000000 0.102203 0.102203
181 0.101000 0.101000 0.000000 0.102203 0.102203
182 0.101000 0.101000 0.000000 0.102203 0.102203
183 0.101000 0.101000 0.000000 0.102203 0.102203
184 0.101000 0.101000 0.000000 0.102203 0.102203
185 0.101000 0.101000 0.000000 0.102203 0.102203
186 0.101000 0.101000 0.000000 0.102203 0.102203
187 0.101000 0.101000 0.000000 0.102203 0.102203
188 0.101000 0.101000 0.000000 0.102203 0.102203
189 0.101000 0.101000 0.000000 0.102203 0.102203
190 0.101000 0.101000 0.000000 0.102203 0.102203
191 0.101000 0.101000 0.000000 0.102203 0.102203
192 0.101000 0.101000 0.000000 0.102203 0.102203
193 0.101000 0.101000 0.000000 0.102203 0.102203
194 0.101000 0.101000 0.000000 0.102203 0.102203
195 0.101000 0.101000 0.000000 0.102203 0.102203
196 0.101000 0.101000 0.000000 0.102203 0.102203
197 0.101000 0.101000 0.000000 0.102203 0.102203
198 0.101000 0.101000 0.000000 0.102203 0.102203
199 0.101000 0.101000 0.000000 0.102203 0.102203
200 0.101000 0.101000 0.000000 0.102203 0.102203
201 0.101000 0.101000 0.000000 0.102203 0.102203
202 0.101000 0.101000 0.000000 0.102203 0.102203
203 0.101000 0.101000 0.000000 0.102203 0.102203
204 0.101000 0.101000 0.000000 0.102203 0.102203
205 0.101000 0.101000 0.000000 0.102203 0.102203
206 0.101000 0.101000 0.000000 0.102203 0.102203
207 0.101000 0.101000 0.000000 0.102203 0.102203
208 0.101000 0.101000 0.000000 0.102203 0.102203
209 0.101000 0.101000 0.000000 0.102203 0.102203
210 0.101000 0.101000 0.000000 0.102203 0.102203
211 0.101000 0.101000 0.000000 0.102203 0.102203
212 0.101000 0.101000 0.000000 0.102203 0.102203
213 0.101000 0.101000 0.000000 0.102203 0.102203
214 0.101000 0.101000 0.000000 0.102203 0.102203
215 0.101000 0.101000 0.000000 0.102203 0.102203
216 0.101000 0.101000 0.000000 0.102203 0.102203
217 0.101000 0.101000 0.000000 0.102203 0.102203
218 0.101000 0.101000 0.000000 0.102203 0.102203
219 0.101000 0.101000 0.000000 0.102203 0.102203
220 0.101000 0.101000 0.000000 0.102203 0.102203
221 0.101000 0.101000 0.000000 0.102203 0.102203
222 0.101000 0.101000 0.000000 0.102203 0.102203
223 0.101000 0.101000 0.000000 0.102203 0.102203
224 0.101000 0.101000 0.000000 0.102203 0.102203
225 0.101000 0.101000 0.000000 0.102203 0.102203
226 0.101000 0.101000 0.000000 0.102203 0.102203
227 0.101000 0.101000 0.000000 0.102203 0.102203
228 0.101000 0.101000 0.000000 0.102203 0.102203
229 0.101000 0.101000 0.000000 0.102203 0.102203
230 0.101000 0.101000 0.000000 0.102203 0.102203
231 0.101000 0.101000 0.000000 0.102203 0.102203
232 0.101000 0.101000 0.000000 0.102203 0.102203
233 0.101000 0.101000 0.000000 0.102203 0.102203
234 0.101000 0.101000 0.000000 0.102203 0.102203
235 0.101000 0.101000 0.000000 0.102203 0.102203
236 0.101000 0.101000 0.000000 0.102203 0.102203
237 0.101000 0.101000 0.000000 0.102203 0.102203
238 0.101000 0.101000 0.000000 0.102203 0.102203
239 0.101000 0.101000 0.000000 0.102203 0.102203
240 0.101000 0.101000 0.000000 0.102203 0.102203
241 0.101000 0.101000 0.000000 0.102203 0.102203
242 0.101000 0.101000 0.000000 0.102203 0.102203
243 0.101000 0.101000 0.000000 0.102203 0.102203
244 0.101000 0.101000 0.000000 0.102203 0.102203
245 0.101000 0.101000 0.000000 0.102203 0.102203
246 0.101000 0.101000 0.000000 0.102203 0.102203
247 0.101000 0.101000 0.000000 0.102203 0.102203
248 0.101000 0.101000 0.000000 0.102203 0.102203
249 0.101000 0.101000 0.000000 0.102203 0.102203
250 0.101000 0.101000 0.000000 0.102203 0.102203
251 0.101000 0.101000 0.000000 0.102203 0.102203
252 0.101000 0.101000 0.000000 0.102203 0.102203
253 0.101000 0.101000 0.000000 0.102203 0.102203
254 0.101000 0.101000 0.000000 0.102203 0.102203
255 0.101000 0.101000 0.000000 0.102203 0.102203
256 0.101000 0.101000 0.000000 0.102203 0.102203
257 0.101000 0.101000 0.000000 0.102203 0.102203
258 0.101000 0.101000 0.000000 0.102203 0.102203
259 0.101000 0.101000 0.000000 0.102203 0.102203
260 0.101000 0.101000 0.000000 0.102203 0.102203
261 0.101000 0.101000 0.000000 0.102203 0.102203
262 0.101000 0.101000 0.000000 0.102203 0.102203
263 0.101000 0.101000 0.000000 0.102203 0.102203
264 0.101000 0.101000 0.000000 0.102203 0.102203
265 0.101000 0.101000 0.000000 0.102203 0.102203
266 0.101000 0.101000 0.000000 0.102203 0.102203
267 0.101000 0.101000 0.000000 0.102203 0.102203
268 0.101000 0.101000 0.000000 0.102203 0.102203
269 0.101000 0.101000 0.000000 0.102203 0.102203
270 0.101000 0.101000 0.000000 0.102203 0.102203
271 0.101000 0.101000 0.000000 0.102203 0.102203
272 0.101000 0.101000 0.000000 0.102203 0.102203
273 0.101000 0.101000 0.000000 0.102203 0.102203
274 0.101000 0.101000 0.000000 0.102203 0.102203
275 0.101000 0.101000 0.000000 0.102203 0.102203
276 0.101000 0.101000 0.000000 0.102203 0.102203
277 0.101000 0.101000 0.000000 0.102203 0.102203
278 0.101000 0.101000 0.000000 0.102203 0.102203
279 0.101000 0.101000 0.000000 0.102203 0.102203
280 0.101000 0.101000 0.000000 0.102203 0.102203
281 0.101000 0.101000 0.000000 0.102203 0.102203
282 0.101000 0.101000 0.000000 0.102203 0.102203
283 0.101000 0.101000 0.000000 0.102203 0.102203
284 0.101000 0.101000 0.000000 0.102203 0.102203
285 0.101000 0.101000 0.000000 0.102203 0.102203
286 0.101000 0.101000 0.000000 0.102203 0.102203
287 0.101000 0.101000 0.000000 0.102203 0.102203
288 0.101000 0.101000 0.000000 0.102203 0.102203
289 0.101000 0.101000 0.000000 0.102203 0.102203
290 0.101000 0.101000 0.000000 0.102203 0.102203
291 0.101000 0.101000 0.000000 0.102203 0.102203
292 0.101000 0.101000 0.000000 0.102203 0.102203
293 0.101000 0.101000 0.000000 0.102203 0.102203
294 0.101000 0.101000 0.000000 0.102203 0.102203
295 0.101000 0.101000 0.000000 0.102203 0.102203
296 0.101000 0.101000 0.000000 0.102203 0.102203
297 0.101000 0.101000 0.000000 0.102203 0.102203
298 0.101000 0.101000 0.000000 0.102203 0.102203
299 0.101000 0.101000 0.000000 0.102203 0.102203
300 0.101000 0.101000 0.000000 0.102203 0.102203
301 0.101000 0.101000 0.000000 0.102203 0.102203
302 0.101000 0.101000 0.000000 0.102203 0.102203
303 0.101000 0.101000 0.000000 0.102203 0.102203
304 0.101000 0.101000 0.000000 0.102203 0.102203
305 0.101000 0.101000 0.000000 0.102203 0.102203
306 0.101000 0.101000 0.000000 0.102203 0.102203
307 0.101000 0.101000 0.000000 0.102203 0.102203
308 0.101000 0.101000 0.000000 0.102203 0.102203
309 0.101000 0.101000 0.000000 0.102203 0.102203
310 0.101000 0.101000 0.000000 0.102203 0.102203
311 0.101000 0.101000 0.000000 0.102203 0.102203
312 0.101000 0.101000 0.000000 0.102203 0.102203
313 0.101000 0.101000 0.000000 0.102203 0.102203
314 0.101000 0.101000 0.000000 0.102203 0.102203
315 0.101000 0.101000 0.000000 0.102203 0.102203
316 0.101000 0.101000 0.000000 0.102203 0.102203
317 0.101000 0.101000 0.000000 0.102203 0.102203
318 0.101000 0.101000 0.000000 0.102203 0.102203
319 0.101000 0.101000 0.000000 0.102203 0.102203
320 0.101000 0.101000 0.000000 0.102203 0.102203
321 0.101000 0.101000 0.000000 0.102203 0.102203
322 0.101000 0.101000 0.000000 0.102203 0.102203
323 0.101000 0.101000 0.000000 0.102203 0.102203
324 0.101000 0.101000 0.000000 0.102203 0.102203
325 0.101000 0.101000 0.000000 0.102203 0.102203
326 0.101000 0.101000 0.000000 0.102203 0.102203
327 0.101000 0.101000 0.000000 0.102203 0.102203
328 0.101000 0.101000 0.000000 0.102203 0.102203
329 0.101000 0.101000 0.000000 0.102203 0.102203
330 0.101000 0.101000 0.000000 0.102203 0.102203
331 0.101000 0.101000 0.000000 0.102203 0.102203
332 0.101000 0.101000 0.000000 0.102203 0.102203
333 0.101000 0.101000 0.000000 0.102203 0.102203
334 0.101000 0.101000 0.000000 0.102203 0.102203
335 0.101000 0.101000 0.000000 0.102203 0.102203
336 0.101000 0.101000 0.000000 0.102203 0.102203
337 0.101000 0.101000 0.000000 0.102203 0.102203
338 0.101000 0.101000 0.000000 0.102203 0.102203
339 0.101000 0.101000 0.000000 0.102203 0.102203
340 0.101000 0.101000 0.000000 0.102203 0.102203
341 0.101000 0.101000 0.000000 0.102203 0.102203
342 0.101000 0.101000 0.000000 0.102203 0.102203
343 0.101000 0.101000 0.000000 0.102203 0.102203
344 0.101000 0.101000 0.000000 0.102203 0.102203
345 0.101000 0.101000 0.000000 0.102203 0.102203
346 0.101000 0.101000 0.000000 0.102203 0.102203
347 0.101000 0.101000 0.000000 0.102203 0.102203
348 0.101000 0.101000 0.000000 0.102203 0.102203
349 0.101000 0.101000 0.000000 0.102203 0.102203
350 0.101000 0.101000 0.000000 0.102203 0.102203
351 0.101000 0.101000 0.000000 0.102203 0.102203
352 0.101000 0.101000 0.000000 0.102203 0.102203
353 0.101000 0.101000 0.000000 0.102203 0.102203
354 0.101000 0.101000 0.000000 0.102203 0.102203
355 0.101000 0.101000 0.000000 0.102203 0.102203
356 0.101000 0.101000 0.000000 0.102203 0.102203
357 0.101000 0.101000 0.000000 0.102203 0.102203
358 0.101000 0.101000 0.000000 0.102203 0.102203
359 0.101000 0.101000 0.000000 0.102203 0.102203
360 0.101000 0.101000 0.000000 0.102203 0.102203
361 0.101000 0.101000 0.000000 0.102203 0.102203
362 0.101000 0.101000 0.000000 0.102203 0.102203
363 0.101000 0.101000 0.000000 0.102203 0.102203
364 0.101000 0.101000 0.000000 0.102203 0.102203
365 0.101000 0.101000 0.000000 0.102203 0.102203
366 0.101000 0.101000 0.000000 0.102203 0.102203
367 0.101000 0.101000 0.000000 0.102203 0.102203
368 0.101000 0.101000 0.000000 0.102203 0.102203
369 0.101000 0.101000 0.000000 0.102203 0.102203
370 0.101000 0.101000 0.000000 0.102203 0.102203
371 0.101000 0.101000 0.000000 0.102203 0.102203
372 0.101000 0.101000 0.000000 0.102203 0.102203
373 0.101000 0.101000 0.000000 0.102203 0.102203
374 0.101000 0.101000 0.000000 0.102203 0.102203
375 0.101000 0.101000 0.000000 0.102203 0.102203
376 0.101000 0.101000 0.000000 0.102203 0.102203
377 0.101000 0.101000 0.000000 0.102203 0.102203
378 0.101000 0.101000 0.000000 0.102203 0.102203
379 0.101000 0.101000 0.000000 0.102203 0.102203
380 0.101000 0.101000 0.000000 0.102203 0.102203
381 0.101000 0.101000 0.000000 0.102203 0.102203
382 0.101000 0.101000 0.000000 0.102203 0.102203
383 0.101000 0.101000 0.000000 0.102203 0.102203
384 0.101000 0.101000 0.000000 0.102203 0.102203
385 0.101000 0.101000 0.000000 0.102203 0.102203
386 0.101000 0.101000 0.000000 0.102203 0.102203
387 0.101000 0.101000 0.000000 0.102203 0.102203
388 0.101000 0.101000 0.000000 0.102203 0.102203
389 0.101000 0.101000 0.000000 0.102203 0.102203
390 0.101000 0.101000 0.000000 0.102203 0.102203
391 0.101000 0.101000 0.000000 0.102203 0.102203
392 0.101000 0.101000 0.000000 0.102203 0.102203
393 0.101000 0.101000 0.000000 0.102203 0.102203
394 0.101000 0.101000 0.000000 0.102203 0.102203
395 0.101000 0.101000 0.000000 0.102203 0.102203
396 0.101000 0.101000 0.000000 0.102203 0.102203
397 0.101000 0.101000 0.000000 0.102203 0.102203
398 0.101000 0.101000 0.000000 0.102203 0.102203
399 0.101000 0.101000 0.000000 0.102203 0.102203
400 0.101000 0.101000 0.000000 0.102203 0.102203
401 0.101000 0.101000 0.000000 0.102203 0.102203
402 0.101000 0.101000 0.000000 0.102203 0.102203
403 0.101000 0.101000 0.000000 0.102203 0.102203
404 0.101000 0.101000 0.000000 0.102203 0.102203
405 0.101000 0.101000 0.000000 0.102203 0.102203
406 0.101000 0.101000 0.000000 0.102203 0.102203
407 0.101000 0.101000 0.000000 0.102203 0.102203
408 0.101000 0.101000 0.000000 0.102203 0.102203
409 0.101000 0.101000 0.000000 0.102203 0.102203
410 0.101000 0.101000 0.000000 0.102203 0.102203
411 0.101000 0.101000 0.000000 0.102203 0.102203
412 0.101000 0.101000 0.000000 0.102203 0.102203
413 0.101000 0.101000 0.000000 0.102203 0.102203
414 0.101000 0.101000 0.000000 0.102203 0.102203
415 0.101000 0.101000 0.000000 0.102203 0.102203
416 0.101000 0.101000 0.000000 0.102203 0.102203
417 0.101000 0.101000 0.000000 0.102203 0.102203
418 0.101000 0.101000 0.000000 0.102203 0.102203
419 0.101000 0.101000 0.000000 0.102203 0.102203
420 0.101000 0.101000 0.000000 0.102203 0.102203
421 0.101000 0.101000 0.000000 0.102203 0.102203
422 0.101000 0.101000 0.000000 0.102203 0.102203
423 0.101000 0.101000 0.000000 0.102203 0.102203
424 0.101000 0.101000 0.000000 0.102203 0.102203
425 0.101000 0.101000 0.000000 0.102203 0.102203
426 0.101000 0.101000 0.000000 0.102203 0.102203
427 0.101000 0.101000 0.000000 0.102203 0.102203
428 0.101000 0.101000 0.000000 0.102203 0.102203
429 0.101000 0.101000 0.000000 0.102203 0.102203
430 0.101000 0.101000 0.000000 0.102203 0.102203
431 0.101000 0.101000 0.000000 0.102203 0.102203
432 0.101000 0.101000 0.000000 0.102203 0.102203
433 0.101000 0.101000 0.000000 0.102203 0.102203
434 0.101000 0.101000 0.000000 0.102203 0.102203
435 0.101000 0.101000 0.000000 0.102203 0.102203
436 0.101000 0.101000 0.000000 0.102203 0.102203
437 0.101000 0.101000 0.000000 0.102203 0.102203
438 0.101000 0.101000 0.000000 0.102203 0.102203
439 0.101000 0.101000 0.000000 0.102203 0.102203
440 0.101000 0.101000 0.000000 0.102203 0.102203
441 0.101000 0.101000 0.000000 0.102203 0.102203
442 0.101000 0.101000 0.000000 0.102203 0.102203
443 0.101000 0.101000 0.000000 0.102203 0.102203
444 0.101000 0.101000 0.000000 0.102203 0.102203
445 0.101000 0.101000 0.000000 0.102203 0.102203
446 0.101000 0.101000 0.000000 0.102203 0.102203
447 0.101000 0.101000 0.000000 0.102203 0.102203
448 0.101000 0.101000 0.000000 0.102203 0.102203
449 0.101000 0.101000 0.000000 0.102203 0.102203
450 0.101000 0.101000 0.000000 0.102203 0.102203
451 0.101000 0.101000 0.000000 0.102203 0.102203
452 0.101000 0.101000 0.000000 0.102203 0.102203
453 0.101000 0.101000 0.000000 0.102203 0.102203
454 0.101000 0.101000 0.000000 0.102203 0.102203
455 0.101000 0.101000 0.000000 0.102203 0.102203
456 0.101000 0.101000 0.000000 0.102203 0.102203
457 0.101000 0.101000 0.000000 0.102203 0.102203
458 0.101000 0.101000 0.000000 0.102203 0.102203
459 0.101000 0.101000 0.000000 0.102203 0.102203
460 0.101000 0.101000 0.000000 0.102203 0.102203
461 0.101000 0.101000 0.000000 0.102203 0.102203
462 0.101000 0.101000 0.000000 0.102203 0.102203
463 0.101000 0.101000 0.000000 0.102203 0.102203
464 0.101000 0.101000 0.000000 0.102203 0.102203
465 0.101000 0.101000 0.000000 0.102203 0.102203
466 0.101000 0.101000 0.000000 0.102203 0.102203
467 0.101000 0.101000 0.000000 0.102203 0.102203
468 0.101000 0.101000 0.000000 0.102203 0.102203
469 0.101000 0.101000 0.000000 0.102203 0.102203
470 0.101000 0.101000 0.000000 0.102203 0.102203
471 0.101000 0.101000 0.000000 0.102203 0.102203
472 0.101000 0.101000 0.000000 0.102203 0.102203
473 0.101000 0.101000 0.000000 0.102203 0.102203
474 0.101000 0.101000 0.000000 0.102203 0.102203
475 0.101000 0.101000 0.000000 0.102203 0.102203
476 0.101000 0.101000 0.000000 0.102203 0.102203
477 0.101000 0.101000 0.000000 0.102203 0.102203
478 0.101000 0.101000 0.000000 0.102203 0.102203
479 0.101000 0.101000 0.000000 0.102203 0.102203
480 0.101000 0.101000 0.000000 0.102203 0.102203
481 0.101000 0.101000 0.000000 0.102203 0.102203
482 0.101000 0.101000 0.000000 0.102203 0.102203
483 0.101000 0.101000 0.000000 0.102203 0.102203
484 0.101000 0.101000 0.000000 0.102203 0.102203
485 0.101000 0.101000 0.000000 0.102203 0.102203
486 0.101000 0.101000 0.000000 0.102203 0.102203
487 0.101000 0.101000 0.000000 0.102203 0.102203
488 0.101000 0.101000 0.000000 0.102203 0.102203
489 0.101000 0.101000 0.000000 0.102203 0.102203
490 0.101000 0.101000 0.000000 0.102203 0.102203
491 0.101000 0.101000 0.000000 0.102203 0.102203
492 0.101000 0.101000 0.000000 0.102203 0.102203
493 0.101000 0.101000 0.000000 0.102203 0.102203
494 0.101000 0.101000 0.000000 0.102203 0.102203
495 0.101000 0.101000 0.000000 0.102203 0.102203
496 0.101000 0.101000 0.000000 0.102203 0.102203
497 0.101000 0.101000 0.000000 0.102203 0.102203
498 0.101000 0.101000 0.000000 0.102203 0.102203
499 0.101000 0.101000 0.000000 0.102203 0.102203
500 0.101000 0.101000 0.000000 0.102203 0.102203
501 0.101000 0.101000 0.000000 0.102203 0.102203
502 0.101000 0.101000 0.000000 0.102203 0.102203
503 0.101000 0.101000 0.000000 0.102203 0.102203
504 0.101000 0.101000 0.000000 0.102203 0.102203
505 0.101000 0.101000 0.000000 0.102203 0.102203
506 0.101000 0.101000 0.000000 0.102203 0.102203
507 0.101000 0.101000 0.000000 0.102203 0.102203
508 0.101000 0.101000 0.000000 0.102203 0.102203
509 0.101000 0.101000 0.000000 0.102203 0.102203
510 0.101000 0.101000 0.000000 0.102203 0.102203
511 0.101000 0.101000 0.000000 0.102203 0.102203
512 0.101000 0.101000 0.000000 0.102203 0.102203
513 0.101000 0.101000 0.000000 0.102203 0.102203
514 0.101000 0.101000 0.000000 0.102203 0.102203
515 0.101000 0.101000 0.000000 0.102203 0.102203
516 0.101000 0.101000 0.000000 0.102203 0.102203
517 0.101000 0.101000 0.000000 0.102203 0.102203
518 0.101000 0.101000 0.000000 0.102203 0.102203
519 0.101000 0.101000 0.000000 0.102203 0.102203
520 0.101000 0.101000 0.000000 0.102203 0.102203
521 0.101000 0.101000 0.000000 0.102203 0.102203
522 0.101000 0.101000 0.000000 0.102203 0.102203
523 0.101000 0.101000 0.000000 0.102203 0.102203
524 0.101000 0.101000 0.000000 0.102203 0.102203
525 0.101000 0.101000 0.000000 0.102203 0.102203
526 0.101000 0.101000 0.000000 0.102203 0.102203
527 0.101000 0.101000 0.000000 0.102203 0.102203
528 0.101000 0.101000 0.000000 0.102203 0.102203
529 0.101000 0.101000 0.000000 0.102203 0.102203
530 0.101000 0.101000 0.000000 0.102203 0.102203
531 0.101000 0.101000 0.000000 0.102203 0.102203
532 0.101000 0.101000 0.000000 0.102203 0.102203
533 0.101000 0.101000 0.000000 0.102203 0.102203
534 0.101000 0.101000 0.000000 0.102203 0.102203
535 0.101000 0.101000 0.000000 0.102203 0.102203
536 0.101000 0.101000 0.000000 0.102203 0.102203
537 0.101000 0.101000 0.000000 0.102203 0.102203
538 0.101000 0.101000 0.000000 0.102203 0.102203
539 0.101000 0.101000 0.000000 0.102203 0.102203
540 0.101000 0.101000 0.000000 0.102203 0.102203
541 0.101000 0.101000 0.000000 0.102203 0.102203
542 0.101000 0.101000 0.000000 0.102203 0.102203
543 0.101000 0.101000 0.000000 0.102203 0.102203
544 0.101000 0.101000 0.000000 0.102203 0.102203
545 0.101000 0.101000 0.000000 0.102203 0.102203
546 0.101000 0.101000 0.000000 0.102203 0.102203
547 0.101000 0.101000 0.000000 0.102203 0.102203
548 0.101000 0.101000 0.000000 0.102203 0.102203
549 0.101000 0.101000 0.000000 0.102203 0.102203
550 0.101000 0.101000 0.000000 0.102203 0.102203
551 0.101000 0.101000 0.000000 0.102203 0.102203
552 0.101000 0.101000 0.000000 0.102203 0.102203
553 0.101000 0.101000 0.000000 0.102203 0.102203
554 0.101000 0.101000 0.000000 0.102203 0.102203
555 0.101000 0.101000 0.000000 0.102203 0.102203
556 0.101000 0.101000 0.000000 0.102203 0.102203
557 0.101000 0.101000 0.000000 0.102203 0.102203
558 0.101000 0.101000 0.000000 0.102203 0.102203
559 0.101000 0.101000 0.000000 0.102203 0.102203
560 0.101000 0.101000 0.000000 0.102203 0.102203
561 0.101000 0.101000 0.000000 0.102203 0.102203
562 0.101000 0.101000 0.000000 0.102203 0.102203
563 0.101000 0.101000 0.000000 0.102203 0.102203
564 0.101000 0.101000 0.000000 0.102203 0.102203
565 0.101000 0.101000 0.000000 0.102203 0.102203
566 0.101000 0.101000 0.000000 0.102203 0.102203
567 0.101000 0.101000 0.000000 0.102203 0.102203
568 0.101000 0.101000 0.000000 0.102203 0.102203
569 0.101000 0.101000 0.000000 0.102203 0.102203
570 0.101000 0.101000 0.000000 0.102203 0.102203
571 0.101000 0.101000 0.000000 0.102203 0.102203
572 0.101000 0.101000 0.000000 0.102203 0.102203
573 0.101000 0.101000 0.000000 0.102203 0.102203
574 0.101000 0.101000 0.000000 0.102203 0.102203
575 0.101000 0.101000 0.000000 0.102203 0.102203
576 0.101000 0.101000 0.000000 0.102203 0.102203
577 0.101000 0.101000 0.000000 0.102203 0.102203
578 0.101000 0.101000 0.000000 0.102203 0.102203
579 0.101000 0.101000 0.000000 0.102203 0.102203
580 0.101000 0.101000 0.000000 0.102203 0.102203
581 0.101000 0.101000 0.000000 0.102203 0.102203
582 0.101000 0.101000 0.000000 0.102203 0.102203
583 0.101000 0.101000 0.000000 0.102203 0.102203
584 0.101000 0.101000 0.000000 0.102203 0.102203
585 0.101000 0.101000 0.000000 0.102203 0.102203
586 0.101000 0.101000 0.000000 0.102203 0.102203
587 0.101000 0.101000 0.000000 0.102203 0.102203
588 0.101000 0.101000 0.000000 0.102203 0.102203
589 0.101000 0.101000 0.000000 0.102203 0.102203
590 0.101000 0.101000 0.000000 0.102203 0.102203
591 0.101000 0.101000 0.000000 0.102203 0.102203
592 0.101000 0.101000 0.000000 0.102203 0.102203
593 0.101000 0.101000 0.000000 0.102203 0.102203
594 0.101000 0.101000 0.000000 0.102203 0.102203
595 0.101000 0.101000 0.000000 0.102203 0.102203
596 0.101000 0.101000 0.000000 0.102203 0.102203
597 0.101000 0.101000 0.000000 0.102203 0.102203
598 0.101000 0.101000 0.000000 0.102203 0.102203
599 0.101000 0.101000 0.000000 0.102203 0.102203
600 0.101000 0.101000 0.000000 0.102203 0.102203
601 0.101000 0.101000 0.000000 0.102203 0.102203
602 0.101000 0.101000 0.000000 0.102203 0.102203
603 0.101000 0.101000 0.000000 0.102203 0.102203
604 0.101000 0.101000 0.000000 0.102203 0.102203
605 0.101000 0.101000 0.000000 0.102203 0.102203
606 0.101000 0.101000 0.000000 0.102203 0.102203
607 0.101000 0.101000 0.000000 0.102203 0.102203
608 0.101000 0.101000 0.000000 0.102203 0.102203
609 0.101000 0.101000 0.000000 0.102203 0.102203
610 0.101000 0.101000 0.000000 0.102203 0.102203
611 0.101000 0.101000 0.000000 0.102203 0.102203
612 0.101000 0.101000 0.000000 0.102203 0.102203
613 0.101000 0.101000 0.000000 0.102203 0.102203
614 0.101000 0.101000 0.000000 0.102203 0.102203
615 0.101000 0.101000 0.000000 0.102203 0.102203
616 0.101000 0.101000 0.000000 0.102203 0.102203
617 0.101000 0.101000 0.000000 0.102203 0.102203
618 0.101000 0.101000 0.000000 0.102203 0.102203
619 0.101000 0.101000 0.000000 0.102203 0.102203
620 0.101000 0.101000 0.000000 0.102203 0.102203
621 0.101000 0.101000 0.000000 0.102203 0.102203
622 0.101000 0.101000 0.000000 0.102203 0.102203
623 0.101000 0.101000 0.000000 0.102203 0.102203
624 0.101000 0.101000 0.000000 0.102203 0.102203
625 0.101000 0.101000 0.000000 0.102203 0.102203
626 0.101000 0.101000 0.000000 0.102203 0.102203
627 0.101000 0.101000 0.000000 0.102203 0.102203
628 0.101000 0.101000 0.000000 0.102203 0.102203
629 0.101000 0.101000 0.000000 0.102203 0.102203
630 0.101000 0.101000 0.000000 0.102203 0.102203
631 0.101000 0.101000 0.000000 0.102203 0.102203
632 0.101000 0.101000 0.000000 0.102203 0.102203
633 0.101000 0.101000 0.000000 0.102203 0.102203
634 0.101000 0.101000 0.000000 0.102203 0.102203
635 0.101000 0.101000 0.000000 0.102203 0.102203
636 0.101000 0.101000 0.000000 0.102203 0.102203
637 0.101000 0.101000 0.000000 0.102203 0.102203
638 0.101000 0.101000 0.000000 0.102203 0.102203
639 0.101000 0.101000 0.000000 0.102203 0.102203
640 0.101000 0.101000 0.000000 0.102203 0.102203
641 0.101000 0.101000 0.000000 0.102203 0.102203
642 0.101000 0.101000 0.000000 0.102203 0.102203
643 0.101000 0.101000 0.000000 0.102203 0.102203
644 0.101000 0.101000 0.000000 0.102203 0.102203
645 0.101000 0.101000 0.000000 0.102203 0.102203
646 0.101000 0.101000 0.000000 0.102203 0.102203
647 0.101000 0.101000 0.000000 0.102203 0.102203
648 0.101000 0.101000 0.000000 0.102203 0.102203
649 0.101000 0.101000 0.000000 0.102203 0.102203
650 0.101000 0.101000 0.000000 0.102203 0.102203
651 0.101000 0.101000 0.000000 0.102203 0.102203
652 0.101000 0.101000 0.000000 0.102203 0.102203
653 0.101000 0.101000 0.000000 0.102203 0.102203
654 0.101000 0.101000 0.000000 0.102203 0.102203
655 0.101000 0.101000 0.000000 0.102203 0.102203
656 0.101000 0.101000 0.000000 0.102203 0.102203
657 0.101000 0.101000 0.000000 0.102203 0.102203
658 0.101000 0.101000 0.000000 0.102203 0.102203
659 0.101000 0.101000 0.000000 0.102203 0.102203
660 0.101000 0.101000 0.000000 0.102203 0.102203
661 0.101000 0.101000 0.000000 0.102203 0.102203
662 0.101000 0.101000 0.000000 0.102203 0.102203
663 0.101000 0.101000 0.000000 0.102203 0.102203
664 0.101000 0.101000 0.000000 0.102203 0.102203
665 0.101000 0.101000 0.000000 0.102203 0.102203
666 0.101000 0.101000 0.000000 0.102203 0.102203
667 0.101000 0.101000 0.000000 0.102203 0.102203
668 0.101000 0.101000 0.000000 0.102203 0.102203
669 0.101000 0.101000 0.000000 0.102203 0.102203
670 0.101000 0.101000 0.000000 0.102203 0.102203
671 0.101000 0.101000 0.000000 0.102203 0.102203
672 0.101000 0.101000 0.000000 0.102203 0.102203
673 0.101000 0.101000 0.000000 0.102203 0.102203
674 0.101000 0.101000 0.000000 0.102203 0.102203
675 0.101000 0.101000 0.000000 0.102203 0.102203
676 0.101000 0.101000 0.000000 0.102203 0.102203
677 0.101000 0.101000 0.000000 0.102203 0.102203
678 0.101000 0.101000 0.000000 0.102203 0.102203
679 0.101000 0.101000 0.000000 0.102203 0.102203
680 0.101000 0.101000 0.000000 0.102203 0.102203
681 0.101000 0.101000 0.000000 0.102203 0.102203
682 0.101000 0.101000 0.000000 0.102203 0.102203
683 0.101000 0.101000 0.000000 0.102203 0.102203
684 0.101000 0.101000 0.000000 0.102203 0.102203
685 0.101000 0.101000 0.000000 0.102203 0.102203
686 0.101000 0.101000 0.000000 0.102203 0.102203
687 0.101000 0.101000 0.000000 0.102203 0.102203
688 0.101000 0.101000 0.000000 0.102203 0.102203
689 0.101000 0.101000 0.000000 0.102203 0.102203
690 0.101000 0.101000 0.000000 0.102203 0.102203
691 0.101000 0.101000 0.000000 0.102203 0.102203
692 0.101000 0.101000 0.000000 0.102203 0.102203
693 0.101000 0.101000 0.000000 0.102203 0.102203
694 0.101000 0.101000 0.000000 0.102203 0.102203
695 0.101000 0.101000 0.000000 0.102203 0.102203
696 0.101000 0.101000 0.000000 0.102203 0.102203
697 0.101000 0.101000 0.000000 0.102203 0.102203
698 0.101000 0.101000 0.000000 0.102203 0.102203
699 0.101000 0.101000 0.000000 0.102203 0.102203
700 0.101000 0.101000 0.000000 0.102203 0.102203
701 0.101000 0.101000 0.000000 0.102203 0.102203
702 0.101000 0.101000 0.000000 0.102203 0.102203
703 0.101000 0.101000 0.000000 0.102203 0.102203
704 0.101000 0.101000 0.000000 0.102203 0.102203
705 0.101000 0.101000 0.000000 0.102203 0.102203
706 0.101000 0.101000 0.000000 0.102203 0.102203
707 0.101000 0.101000 0.000000 0.102203 0.102203
708 0.101000 0.101000 0.000000 0.102203 0.102203
709 0.101000 0.101000 0.000000 0.102203 0.102203
710 0.101000 0.101000 0.000000 0.102203 0.102203
711 0.101000 0.101000 0.000000 0.102203 0.102203
712 0.101000 0.101000 0.000000 0.102203 0.102203
713 0.101000 0.101000 0.000000 0.102203 0.102203
714 0.101000 0.101000 0.000000 0.102203 0.102203
715 0.101000 0.101000 0.000000 0.102203 0.102203
716 0.101000 0.101000 0.000000 0.102203 0.102203
717 0.101000 0.101000 0.000000 0.102203 0.102203
718 0.101000 0.101000 0.000000 0.102203 0.102203
719 0.101000 0.101000 0.000000 0.102203 0.102203
720 0.101000 0.101000 0.000000 0.102203 0.102203
721 0.101000 0.101000 0.000000 0.102203 0.102203
722 0.101000 0.101000 0.000000 0.102203 0.102203
723 0.101000 0.101000 0.000000 0.102203 0.102203
724 0.101000 0.101000 0.000000 0.102203 0.102203
725 0.101000 0.101000 0.000000 0.102203 0.102203
726 0.101000 0.101000 0.000000 0.102203 0.102203
727 0.101000 0.101000 0.000000 0.102203 0.102203
728 0.101000 0.101000 0.000000 0.102203 0.102203
729 0.101000 0.101000 0.000000 0.102203 0.102203
730 0.101000 0.101000 0.000000 0.102203 0.102203
731 0.101000 0.101000 0.000000 0.102203 0.102203
732 0.101000 0.101000 0.000000 0.102203 0.102203
733 0.101000 0.101000 0.000000 0.102203 0.102203
734 0.101000 0.101000 0.000000 0.102203 0.102203
735 0.101000 0.101000 0.000000 0.102203 0.102203
736 0.101000 0.101000 0.000000 0.102203 0.102203
737 0.101000 0.101000 0.000000 0.102203 0.102203
738 0.101000 0.101000 0.000000 0.102203 0.102203
739 0.101000 0.101000 0.000000 0.102203 0.102203
740 0.101000 0.101000 0.000000 0.102203 0.102203
741 0.101000 0.101000 0.000000 0.102203 0.102203
742 0.101000 0.101000 0.000000 0.102203 0.102203
743 0.101000 0.101000 0.000000 0.102203 0.102203
744 0.101000 0.101000 0.000000 0.102203 0.102203
745 0.101000 0.101000 0.000000 0.102203 0.102203
746 0.101000 0.101000 0.000000 0.102203 0.102203
747 0.101000 0.101000 0.000000 0.102203 0.102203
748 0.101000 0.101000 0.000000 0.102203 0.102203
749 0.101000 0.101000 0.000000 0.102203 0.102203
750 0.101000 0.101000 0.000000 0.102203 0.102203
751 0.101000 0.101000 0.000000 0.102203 0.102203
752 0.101000 0.101000 0.000000 0.102203 0.102203
753 0.101000 0.101000 0.000000 0.102203 0.102203
754 0.101000 0.101000 0.000000 0.102203 0.102203
755 0.101000 0.101000 0.000000 0.102203 0.102203
756 0.101000 0.101000 0.000000 0.102203 0.102203
757 0.101000 0.101000 0.000000 0.102203 0.102203
758 0.101000 0.101000 0.000000 0.102203 0.102203
759 0.101000 0.101000 0.000000 0.102203 0.102203
760 0.101000 0.101000 0.000000 0.102203 0.102203
761 0.101000 0.101000 0.000000 0.102203 0.102203
762 0.101000 0.101000 0.000000 0.102203 0.102203
763 0.101000 0.101000 0.000000 0.102203 0.102203
764 0.101000 0.101000 0.000000 0.102203 0.102203
765 0.101000 0.101000 0.000000 0.102203 0.102203
766 0.101000 0.101000 0.000000 0.102203 0.102203
767 0.101000 0.101000 0.000000 0.102203 0.102203
768 0.101000 0.101000 0.000000 0.102203 0.102203
769 0.101000 0.101000 0.000000 0.102203 0.102203
770 0.101000 0.101000 0.000000 0.102203 0.102203
771 0.101000 0.101000 0.000000 0.102203 0.102203
772 0.101000 0.101000 0.000000 0.102203 0.102203
773 0.101000 0.101000 0.000000 0.102203 0.102203
774 0.101000 0.101000 0.000000 0.102203 0.102203
775 0.101000 0.101000 0.000000 0.102203 0.102203
776 0.101000 0.101000 0.000000 0.102203 0.102203
777 0.101000 0.101000 0.000000 0.102203 0.102203
778 0.101000 0.101000 0.000000 0.102203 0.102203
779 0.101000 0.101000 0.000000 0.102203 0.102203
780 0.101000 0.101000 0.000000 0.102203 0.102203
781 0.101000 0.101000 0.000000 0.102203 0.102203
782 0.101000 0.101000 0.000000 0.102203 0.102203
783 0.101000 0.101000 0.000000 0.102203 0.102203
784 0.101000 0.101000 0.000000 0.102203 0.102203
785 0.101000 0.101000 0.000000 0.102203 0.102203
786 0.101000 0.101000 0.000000 0.102203 0.102203
787 0.101000 0.101000 0.000000 0.102203 0.102203
788 0.101000 0.101000 0.000000 0.102203 0.102203
789 0.101000 0.101000 0.000000 0.102203 0.102203
790 0.101000 0.101000 0.000000 0.102203 0.102203
791 0.101000 0.101000 0.000000 0.102203 0.102203
792 0.101000 0.101000 0.000000 0.102203 0.102203
793 0.101000 0.101000 0.000000 0.102203 0.102203
794 0.101000 0.101000 0.000000 0.102203 0.102203
795 0.101000 0.101000 0.000000 0.102203 0.102203
796 0.101000 0.101000 0.000000 0.102203 0.102203
797 0.101000 0.101000 0.000000 0.102203 0.102203
798 0.101000 0.101000 0.000000 0.102203 0.102203
799 0.101000 0.101000 0.000000 0.102203 0.102203
800 0.101000 0.101000 0.000000 0.102203 0.102203
801 0.101000 0.101000 0.000000 0.102203 0.102203
802 0.101000 0.101000 0.000000 0.102203 0.102203
803 0.101000 0.101000 0.000000 0.102203 0.102203
804 0.101000 0.101000 0.000000 0.102203 0.102203
805 0.101000 0.101000 0.000000 0.102203 0.102203
806 0.101000 0.101000 0.000000 0.102203 0.102203
807 0.101000 0.101000 0.000000 0.102203 0.102203
808 0.101000 0.101000 0.000000 0.102203 0.102203
809 0.101000 0.101000 0.000000 0.102203 0.102203
810 0.101000 0.101000 0.000000 0.102203 0.102203
811 0.101000 0.101000 0.000000 0.102203 0.102203
812 0.101000 0.101000 0.000000 0.102203 0.102203
813 0.101000 0.101000 0.000000 0.102203 0.102203
814 0.101000 0.101000 0.000000 0.102203 0.102203
815 0.101000 0.101000 0.000000 0.102203 0.102203
816 0.101000 0.101000 0.000000 0.102203 0.102203
817 0.101000 0.101000 0.000000 0.102203 0.102203
818 0.101000 0.101000 0.000000 0.102203 0.102203
819 0.101000 0.101000 0.000000 0.102203 0.102203
820 0.101000 0.101000 0.000000 0.102203 0.102203
821 0.101000 0.101000 0.000000 0.102203 0.102203
822 0.101000 0.101000 0.000000 0.102203 0.102203
823 0.101000 0.101000 0.000000 0.102203 0.102203
824 0.101000 0.101000 0.000000 0.102203 0.102203
825 0.101000 0.101000 0.000000 0.102203 0.102203
826 0.101000 0.101000 0.000000 0.102203 0.102203
827 0.101000 0.101000 0.000000 0.102203 0.102203
828 0.101000 0.101000 0.000000 0.102203 0.102203
829 0.101000 0.101000 0.000000 0.102203 0.102203
830 0.101000 0.101000 0.000000 0.102203 0.102203
831 0.101000 0.101000 0.000000 0.102203 0.102203
832 0.101000 0.101000 0.000000 0.102203 0.102203
833 0.101000 0.101000 0.000000 0.102203 0.102203
834 0.101000 0.101000 0.000000 0.102203 0.102203
835 0.101000 0.101000 0.000000 0.102203 0.102203
836 0.101000 0.101000 0.000000 0.102203 0.102203
837 0.101000 0.101000 0.000000 0.102203 0.102203
838 0.101000 0.101000 0.000000 0.102203 0.102203
839 0.101000 0.101000 0.000000 0.102203 0.102203
840 0.101000 0.101000 0.000000 0.102203 0.102203
841 0.101000 0.101000 0.000000 0.102203 0.102203
842 0.101000 0.101000 0.000000 0.102203 0.102203
843 0.101000 0.101000 0.000000 0.102203 0.102203
844 0.101000 0.101000 0.000000 0.102203 0.102203
845 0.101000 0.101000 0.000000 0.102203 0.102203
846 0.101000 0.101000 0.000000 0.102203 0.102203
847 0.101000 0.101000 0.000000 0.102203 0.102203
848 0.101000 0.101000 0.000000 0.102203 0.102203
849 0.101000 0.101000 0.000000 0.102203 0.102203
850 0.101000 0.101000 0.000000 0.102203 0.102203
851 0.101000 0.101000 0.000000 0.102203 0.102203
852 0.101000 0.101000 0.000000 0.102203 0.102203
853 0.101000 0.101000 0.000000 0.102203 0.102203
854 0.101000 0.101000 0.000000 0.102203 0.102203
855 0.101000 0.101000 0.000000 0.102203 0.102203
856 0.101000 0.101000 0.000000 0.102203 0.102203
857 0.101000 0.101000 0.000000 0.102203 0.102203
858 0.101000 0.101000 0.000000 0.102203 0.102203
859 0.101000 0.101000 0.000000 0.102203 0.102203
860 0.101000 0.101000 0.000000 0.102203 0.102203
861 0.101000 0.101000 0.000000 0.102203 0.102203
862 0.101000 0.101000 0.000000 0.102203 0.102203
863 0.101000 0.101000 0.000000 0.102203 0.102203
864 0.101000 0.101000 0.000000 0.102203 0.102203
865 0.101000 0.101000 0.000000 0.102203 0.102203
866 0.101000 0.101000 0.000000 0.102203 0.102203
867 0.101000 0.101000 0.000000 0.102203 0.102203
868 0.101000 0.101000 0.000000 0.102203 0.102203
869 0.101000 0.101000 0.000000 0.102203 0.102203
870 0.101000 0.101000 0.000000 0.102203 0.102203
871 0.101000 0.101000 0.000000 0.102203 0.102203
872 0.101000 0.101000 0.000000 0.102203 0.102203
873 0.101000 0.101000 0.000000 0.102203 0.102203
874 0.101000 0.101000 0.000000 0.102203 0.102203
875 0.101000 0.101000 0.000000 0.102203 0.102203
876 0.101000 0.101000 0.000000 0.102203 0.102203
877 0.101000 0.101000 0.000000 0.102203 0.102203
878 0.101000 0.101000 0.000000 0.102203 0.102203
879 0.101000 0.101000 0.000000 0.102203 0.102203
880 0.101000 0.101000 0.000000 0.102203 0.102203
881 0.101000 0.101000 0.000000 0.102203 0.102203
882 0.101000 0.101000 0.000000 0.102203 0.102203
883 0.101000 0.101000 0.000000 0.102203 0.102203
884 0.101000 0.101000 0.000000 0.102203 0.102203
885 0.101000 0.101000 0.000000 0.102203 0.102203
886 0.101000 0.101000 0.000000 0.102203 0.102203
887 0.101000 0.101000 0.000000 0.102203 0.102203
888 0.101000 0.101000 0.000000 0.102203 0.102203
889 0.101000 0.101000 0.000000 0.102203 0.102203
890 0.101000 0.101000 0.000000 0.102203 0.102203
891 0.101000 0.101000 0.000000 0.102203 0.102203
892 0.101000 0.101000 0.000000 0.102203 0.102203
893 0.101000 0.101000 0.000000 0.102203 0.102203
894 0.101000 0.101000 0.000000 0.102203 0.102203
895 0.101000 0.101000 0.000000 0.102203 0.102203
896 0.101000 0.101000 0.000000 0.102203 0.102203
897 0.101000 0.101000 0.000000 0.102203 0.102203
898 0.101000 0.101000 0.000000 0.102203 0.102203
899 0.101000 0.101000 0.000000 0.102203 0.102203
900 0.101000 0.101000 0.000000 0.102203 0.102203
901 0.101000 0.101000 0.000000 0.102203 0.102203
902 0.101000 0.101000 0.000000 0.102203 0.102203
903 0.101000 0.101000 0.000000 0.102203 0.102203
904 0.101000 0.101000 0.000000 0.102203 0.102203
905 0.101000 0.101000 0.000000 0.102203 0.102203
906 0.101000 0.101000 0.000000 0.102203 0.102203
907 0.101000 0.101000 0.000000 0.102203 0.102203
908 0.101000 0.101000 0.000000 0.102203 0.102203
909 0.101000 0.101000 0.000000 0.102203 0.102203
910 0.101000 0.101000 0.000000 0.102203 0.102203
911 0.101000 0.101000 0.000000 0.102203 0.102203
912 0.101000 0.101000 0.000000 0.102203 0.102203
913 0.101000 0.101000 0.000000 0.102203 0.102203
914 0.101000 0.101000 0.000000 0.102203 0.102203
915 0.101000 0.101000 0.000000 0.102203 0.102203
916 0.101000 0.101000 0.000000 0.102203 0.102203
917 0.101000 0.101000 0.000000 0.102203 0.102203
918 0.101000 0.101000 0.000000 0.102203 0.102203
919 0.101000 0.101000 0.000000 0.102203 0.102203
920 0.101000 0.101000 0.000000 0.102203 0.102203
921 0.101000 0.101000 0.000000 0.102203 0.102203
922 0.101000 0.101000 0.000000 0.102203 0.102203
923 0.101000 0.101000 0.000000 0.102203 0.102203
924 0.101000 0.101000 0.000000 0.102203 0.102203
925 0.101000 0.101000 0.000000 0.102203 0.102203
926 0.101000 0.101000 0.000000 0.102203 0.102203
927 0.101000 0.101000 0.000000 0.102203 0.102203
928 0.101000 0.101000 0.000000 0.102203 0.102203
929 0.101000 0.101000 0.000000 0.102203 0.102203
930 0.101000 0.101000 0.000000 0.102203 0.102203
931 0.101000 0.101000 0.000000 0.102203 0.102203
932 0.101000 0.101000 0.000000 0.102203 0.102203
933 0.101000 0.101000 0.000000 0.102203 0.102203
934 0.101000 0.101000 0.000000 0.102203 0.102203
935 0.101000 0.101000 0.000000 0.102203 0.102203
936 0.101000 0.101000 0.000000 0.102203 0.102203
937 0.101000 0.101000 0.000000 0.102203 0.102203
938 0.101000 0.101000 0.000000 0.102203 0.102203
939 0.101000 0.101000 0.000000 0.102203 0.102203
940 0.101000 0.101000 0.000000 0.102203 0.102203
941 0.101000 0.101000 0.000000 0.102203 0.102203
942 0.101000 0.101000 0.000000 0.102203 0.102203
943 0.101000 0.101000 0.000000 0.102203 0.102203
944 0.101000 0.101000 0.000000 0.102203 0.102203
945 0.101000 0.101000 0.000000 0.102203 0.102203
946 0.101000 0.101000 0.000000 0.102203 0.102203
947 0.101000 0.101000 0.000000 0.102203 0.102203
948 0.101000 0.101000 0.000000 0.102203 0.102203
949 0.101000 0.101000 0.000000 0.102203 0.102203
950 0.101000 0.101000 0.000000 0.102203 0.102203
951 0.101000 0.101000 0.000000 0.102203 0.102203
952 0.101000 0.101000 0.000000 0.102203 0.102203
953 0.101000 0.101000 0.000000 0.102203 0.102203
954 0.101000 0.101000 0.000000 0.102203 0.102203
955 0.101000 0.101000 0.000000 0.102203 0.102203
956 0.101000 0.101000 0.000000 0.102203 0.102203
957 0.101000 0.101000 0.000000 0.102203 0.102203
958 0.101000 0.101000 0.000000 0.102203 0.102203
959 0.101000 0.101000 0.000000 0.102203 0.102203
960 0.101000 0.101000 0.000000 0.102203 0.102203
961 0.101000 0.101000 0.000000 0.102203 0.102203
962 0.101000 0.101000 0.000000 0.102203 0.102203
963 0.101000 0.101000 0.000000 0.102203 0.102203
964 0.101000 0.101000 0.000000 0.102203 0.102203
965 0.101000 0.101000 0.000000 0.102203 0.102203
966 0.101000 0.101000 0.000000 0.102203 0.102203
967 0.101000 0.101000 0.000000 0.102203 0.102203
968 0.101000 0.101000 0.000000 0.102203 0.102203
969 0.101000 0.101000 0.000000 0.102203 0.102203
970 0.101000 0.101000 0.000000 0.102203 0.102203
971 0.101000 0.101000 0.000000 0.102203 0.102203
972 0.101000 0.101000 0.000000 0.102203 0.102203
973 0.101000 0.101000 0.000000 0.102203 0.102203
974 0.101000 0.101000 0.000000 0.102203 0.102203
975 0.101000 0.101000 0.000000 0.102203 0.102203
976 0.101000 0.101000 0.000000 0.102203 0.102203
977 0.101000 0.101000 0.000000 0.102203 0.102203
978 0.101000 0.101000 0.000000 0.102203 0.102203
979 0.101000 0.101000 0.000000 0.102203 0.102203
980 0.101000 0.101000 0.000000 0.102203 0.102203
981 0.101000 0.101000 0.000000 0.102203 0.102203
982 0.101000 0.101000 0.000000 0.102203 0.102203
983 0.101000 0.101000 0.000000 0.102203 0.102203
984 0.101000 0.101000 0.000000 0.102203 0.102203
985 0.101000 0.101000 0.000000 0.102203 0.102203
986 0.101000 0.101000 0.000000 0.102203 0.102203
987 0.101000 0.101000 0.000000 0.102203 0.102203
988 0.101000 0.101000 0.000000 0.102203 0.102203
989 0.101000 0.101000 0.000000 0.102203 0.102203
990 0.101000 0.101000 0.000000 0.102203 0.102203
991 0.101000 0.101000 0.000000 0.102203 0.102203
992 0.101000 0.101000 0.000000 0.102203 0.102203
993 0.101000 0.101000 0.000000 0.102203 0.102203
994 0.101000 0.101000 0.000000 0.102203 0.102203
995 0.101000 0.101000 0.000000 0.102203 0.102203
996 0.101000 0.101000 0.000000 0.102203 0.102203
997 0.101000 0.101000 0.000000 0.102203 0.102203
998 0.101000 0.101000 0.000000 0.102203 0.102203
999 0.101000 0.101000 0.000000 0.102203 0.102203
